# audio softmax (rail-trained, v3-18f); classes: noise carrier afsk fsk msk
# feats(18): rough zcr flat peak cent kurt bimod hf lf dom peak2 npeaks bw p2p1 peak3 sq_sharp occ_norm baud_norm
# COLS 0 1 2 3 4 5 6 7 8 9 10 11 12 13 14 15 16 17
MU 1.04336963680816 0.422393894993896 0.345312051501975 0.0364582102576999 0.454213638334152 -0.409256294771677 0.423722522811455 0.583259411805499 0.245842561822329 0.342785261102977 0.0200826214979839 0.0908062469497312 0.282368050320867 0.767766729678788 0.0099374587127207 0.0120575965669478 0.5001142578125 0.23731201171875
SG 0.277081675460858 0.19640322317429 0.155574850431359 0.0535147353651091 0.185571893851555 0.784341208051854 0.124123840975814 0.272415153373567 0.236672145567675 0.377623370549721 0.0268609078072792 0.0889223798747859 0.0528146067901237 0.210103717572367 0.00897135966146499 0.0232249485573221 0.423310208150652 0.147460834032836
W0 0.162238618656709 0.166002296915531 1.45594022793187 -0.205320010477952 -0.10472821240217 -2.00540339024726 2.12476554695576 0.018377168265428 -0.66025967481494 0.494750714392215 -0.278457033966145 1.20878194994174 0.0952131050658732 0.11504364696763 -0.465647052340149 -0.062237683675008 0.761706265219934 0.148616083632038
W1 0.558229229534485 0.66326913265953 -1.07732238602518 -0.0842761443347349 0.598974660272692 0.551195759089024 -0.0351673545849233 0.627645096370399 -0.470152825565024 0.513912962923782 -0.0770488289572597 0.0636322127568659 -1.92275938731685 0.0159206000318064 0.0315190429774713 0.0424319172666509 -0.978709623129251 0.125308840813329
W2 0.0657467430896177 0.365398253280262 -0.467024446268674 2.08956451932097 0.308871965669285 0.415283423690486 -0.914215663932343 -0.022430573792015 -1.61509731802797 -0.501628563223765 2.0352807582388 -0.92887793471858 0.0821422193909376 -0.64181176168282 0.197525381180714 0.48757930558027 -1.28507400692405 -0.530172395390528
W3 0.426165779031989 -0.00398365216672405 -1.28072050189407 -0.714257986164348 0.347119010632075 1.20620885526272 0.168794381325249 1.5519063138198 3.23102740815671 -1.2680234914138 -0.449919669032129 -0.804116868775464 0.573299172878046 0.0102635922900898 1.41231344710522 -0.6679170709584 0.65857601785399 0.15424144536989
W4 -1.2123803703201 -1.19068603069489 1.36912710624759 -1.08571037833286 -1.15023742417931 -0.167284647812226 -1.34417690974811 -2.17549800467097 -0.485517589745181 0.760988377328871 -1.22985522627441 0.460580640802115 1.17210488997068 0.500583922395278 -1.17571081891654 0.200143531798359 0.843501346976627 0.102006025570607
B 0.00596787030415373 -1.58917027172254 -0.243422247963554 0.465705153202847 1.36091958395255